4294967293,131
4294967293,130
4294967293,129
4294967293,128
4294967293,127
4294967293,126
4294967293,125
4294967293,124
4294967293,123
4294967293,122
4294967293,121
4294967293,120
4294967293,119
4294967293,118
4294967293,117
4294967293,116
4294967293,115
4294967293,114
4294967293,113
4294967293,112
4294967293,111
4294967293,110
4294967293,109
4294967293,108
4294967293,107
4294967293,106
4294967293,105
4294967293,104
4294967293,103
4294967293,102
4294967293,101
4294967293,100
4294967293,99
4294967293,98
4294967293,97
4294967293,96
4294967293,95
4294967293,94
4294967293,93
4294967293,92
4294967293,91
4294967293,90
4294967293,89
4294967293,87
4294967293,86
4294967293,85
4294967293,84
4294967293,83
4294967293,82
4294967293,81
4294967293,80
4294967293,79
4294967293,78
4294967293,77
4294967293,76
4294967293,75
4294967293,74
4294967293,73
4294967293,72
4294967293,71
4294967293,70
4294967293,69
4294967293,68
4294967293,67
4294967293,66
4294967293,65
4294967293,64
4294967293,63
4294967293,62
4294967293,61
4294967293,60
4294967293,59
4294967293,58
4294967293,57
4294967293,56
4294967293,55
4294967293,54
4294967293,53
4294967293,52
4294967293,51
4294967293,50
4294967293,49
4294967293,48
4294967293,47
4294967293,46
4294967293,45
4294967293,44
4294967293,43
4294967293,42
4294967293,41
4294967293,40
4294967293,39
4294967293,38
4294967293,37
4294967293,36
4294967293,35
4294967293,34
4294967293,33
4294967293,32
4294967293,31
4294967293,30
4294967293,29
4294967293,28
4294967293,27
4294967293,26
4294967293,25
4294967293,24
4294967293,23
4294967293,22
4294967293,21
4294967293,20
4294967293,19
4294967293,18
4294967293,17
4294967293,16
4294967293,15
4294967293,14
4294967293,13
4294967293,12
4294967293,11
4294967293,10
4294967293,9
4294967293,8
4294967293,7
4294967293,6
4294967293,5
4294967293,4
4294967293,3
4294967278,88
4294967278,25
4294967279,132
4294967279,131
4294967279,64
4294967279,57
4294967279,27
4294967279,23
4294967279,22
4294967279,17
4294967279,16
4294967279,15
4294967279,11
4294967279,8
4294967279,5
21,0
4294967294,544
4294967294,548
4294967294,650
4294967294,643
4294967294,531
4294967294,187
4294967294,870
4294967294,644
4294967294,567
4294967294,533
4294967294,649
4294967294,387
4294967294,527
4294967294,646
4294967294,183
4294967294,572
4294967294,570
4294967294,564
4294967294,553
4294967294,1608
4294967294,385
4294967294,877
4294967294,1256
4294967294,1246
4294967294,538
4294967294,879
4294967294,1250
4294967294,59
4294967294,58
4243767290,0
4294967294,462
4294967294,461
4294967294,628
4294967294,460
4294967294,653
4294967294,459
4294967294,458
4294967294,457
4294967294,363
4294967294,362
4294967294,361
4294967294,360
4294967294,359
4294967294,358
4294967294,357
4294967294,356
4294967294,355
4294967294,354
4294967294,353
4294967294,352
4294967294,351
4294967294,350
4294967294,349
4294967294,348
4294967294,347
4294967294,4
4294967279,48
4294967278,45
4294967278,43
4294967279,43
4294967279,42
4294967279,38
4294967278,37
4294967278,408
4294967278,36
4294967278,407
4294967279,32
4294967294,108
4294967294,110
4294967294,109
4294967294,1225
4294967279,455
4294967294,1224
4294967294,1223
4294967294,1222
4294967279,454
4294967294,1221
4294967294,1219
4294967294,1220
4294967294,1660
4294967294,1218
4294967294,1217
4294967294,1659
4294967294,1216
4294967279,453
4294967294,1663
4294967294,1662
4294967294,1661
4294967294,1618
4294967294,1658
4294967294,1657
4294967294,1774
4294967294,1773
4294967294,1772
4294967294,1771
4294967294,1770
4294967294,1769
4294967294,1768
4294967294,1767
4294967294,1766
4294967294,1765
4294967294,1764
4294967294,1763
4294967294,1762
4294967294,1761
4294967294,1760
4294967294,1759
4294967294,1758
4294967294,1757
4294967294,1756
4294967294,1755
4294967294,1754
4294967294,1753
4294967294,1656
4294967294,1632
4294967294,1752
4294967294,1655
4294967294,1751
4294967294,1631
4294967294,1750
4294967294,1749
4294967294,1748
4294967294,1747
4294967294,1746
4294967294,1745
4294967294,1744
4294967294,1743
4294967294,1742
4294967294,1741
4294967294,1740
4294967294,1739
4294967294,1738
4294967294,1737
4294967294,1736
4294967294,1735
4294967294,1734
4294967294,1733
4294967294,1732
4294967294,1731
4294967294,1730
4294967294,1729
4294967294,1728
4294967294,1654
4294967294,1653
4294967294,1652
4294967294,1651
4294967294,1650
4294967294,1649
4294967294,1648
4294967294,1647
4294967294,1646
4294967294,1645
4294967294,1644
4294967294,1643
4294967294,1642
4294967294,1641
4294967294,1640
4294967294,1639
4294967294,1638
4294967294,1637
4294967294,1636
4294967294,1635
4294967294,1634
4294967294,1633
4294967294,1614
4294967294,1630
4294967294,1629
4294967294,1628
4294967294,1627
4294967294,1626
4294967294,1625
4294967294,1624
4294967294,1623
4294967294,1622
4294967294,1621
4294967294,1620
4294967294,769
4294967294,1619
4294967279,452
4294967279,28
4294967278,406
4294967278,27
4294967294,539
4294967294,540
4294967294,1617
4294967294,535
4294967294,537
4294967294,1616
4294967294,1615
4294967279,451
4294967279,21
4294967294,773
4294967294,775
4294967294,1613
4294967294,1690
4294967294,1689
4294967294,1688
4294967294,1687
4294967294,1686
4294967294,1685
4294967294,1684
4294967294,1683
4294967294,1682
4294967278,405
4294967294,1681
4294967278,131
4294967278,128
4294967278,404
4294967278,126
4294967294,1680
4294967294,1679
4294967278,403
4294967278,125
4294967294,1678
4294967294,1677
4294967294,1676
4294967294,1675
4294967294,1674
4294967278,402
4294967278,123
4294967294,1673
4294967294,1672
4294967294,1671
4294967294,1670
4294967294,1669
4294967294,1668
4294967294,1667
4294967294,1666
4294967278,121
4294967294,1665
4294967278,120
4294967294,627
4294967278,401
4294967278,118
4294967279,450
4294967294,626
4294967278,400
4294967278,111
4294967294,1612
4294967294,640
4294967278,399
4294967278,110
4294967294,1611
4294967279,449
4294967279,0
4294967278,106
4294967278,105
4294967279,448
4294967279,105
4294967278,398
4294967278,104
4294967294,625
4294967278,103
4294967294,1610
4294967294,641
4294967278,397
4294967278,100
4294967279,100
4294967278,99
4294967279,99
4294967278,98
4294967294,624
4294967279,95
4294967278,94
4294967278,93
4294967279,93
4294967294,1609
4294967294,388
4294967294,623
4294967294,1605
4294967294,1607
4294967278,396
4294967294,622
4294967279,87
4294967294,1606
4294967294,621
4294967294,828
4294967278,78
4294967278,395
4294967294,620
4294967278,76
4294967278,73
4294967294,1604
4294967278,394
4294967278,71
4294967294,1603
4294967294,35
4294967294,34
4294967294,33
4294967294,32
4294967294,31
4294967294,30
4294967294,619
4294967294,827
4294967278,64
4294967294,1664
4294967294,1602
4294967294,1601
4294967294,0
4294967278,393
4294967294,1600
4294967278,60
4294967294,831
4294967294,54
4294967294,830
4294967294,829
4294967278,48
4294967294,105
4294967294,57
4294967294,55
4294967279,46
4294967279,45
21,1
4294967278,42
4294967294,680
4294967294,103
4294967294,102
4294967294,101
4294967294,100
4294967294,98
4294967294,447
4294967294,893
4294967294,892
4294967294,885
4294967278,40
4294967294,69
4294967294,97
4294967294,104
4294967294,106
4294967279,40
4294967279,2
4294967294,1212
4294967294,1211
4294967294,1210
4294967294,1209
4294967294,1208
4294967294,1207
4294967294,1206
4294967294,1205
4294967294,823
4294967294,1204
4294967279,384
4294967294,1203
4294967294,1202
4294967294,1201
4294967294,1200
4294967294,1199
4294967294,1278
4294967294,1198
4294967294,1197
4294967294,1196
4294967294,1195
4294967294,1194
4294967294,1193
4294967294,1192
4294967294,1191
4294967294,1190
4294967294,1189
4294967294,1188
4294967294,1187
4294967294,859
4294967294,1186
4294967294,1185
4294967294,1184
4294967294,1183
4294967294,1182
4294967294,1181
4294967294,1180
4294967294,1179
4294967294,1178
4294967294,1177
4294967294,820
4294967294,1176
4294967294,1175
4294967294,1174
4294967294,1173
4294967294,1172
4294967294,1171
4294967294,1170
4294967294,1169
4294967294,1168
4294967294,1167
4294967294,1166
4294967294,819
4294967294,884
4294967294,1165
4294967294,1164
4294967294,1163
4294967294,1162
4294967294,1161
4294967294,1160
4294967294,1159
4294967294,1158
4294967294,1157
4294967294,1156
4294967294,876
4294967294,1155
4294967294,1154
4294967294,1153
4294967294,807
4294967294,1151
4294967294,1150
4294967294,1149
4294967294,1148
4294967294,1147
4294967294,1146
4294967294,858
4294967294,873
4294967279,383
4294967294,1105
4294967294,814
4294967294,872
4294967294,812
4294967294,813
4294967294,805
4294967279,382
4294967294,880
4294967294,883
4294967294,874
4294967279,381
4294967279,88
4294967294,869
4294967294,866
4294967294,72
4294967294,71
4294967294,70
4294967294,36
4294967294,39
4294967294,657
4294967294,849
4294967294,840
4294967278,392
4294967294,618
4294967294,1265
4294967279,380
4294967279,14
4294967279,379
4294967279,9
4294967294,658
4294967294,886
4294967294,887
4294967278,391
4294967278,132
4294967294,1255
4294967279,378
4294967279,128
4294967278,127
4294967294,1254
4294967294,1253
4294967279,377
4294967294,1252
4294967278,390
4294967278,117
4294967294,617
4294967278,389
4294967278,112
4294967294,1251
4294967279,376
4294967279,108
4294967294,1249
4294967278,388
4294967279,98
4294967278,97
4294967294,662
4294967278,92
4294967294,1248
4294967294,661
4294967279,92
4294967294,1245
4294967294,1244
4294967278,85
4294967294,1243
4294967278,80
4294967294,616
4294967294,1242
4294967279,375
4294967278,75
4294967279,374
4294967294,1239
4294967278,387
4294967278,65
4294967278,54
4294967279,49
4294967294,456
4294967294,895
4294967278,39
4294967278,386
4294967278,0
4294967278,34
4294967294,890
4294967294,615
4294967279,373
4294967279,19
4294967294,889
4294967294,888
4294967278,385
4294967279,372
4294967279,6
4294967294,614
4294967294,882
4294967278,384
4294967278,115
4294967278,383
4294967278,114
4294967279,371
4294967294,881
4294967294,613
4294967279,370
4294967278,382
4294967278,108
4294967294,651
4294967278,381
4294967294,878
4294967278,96
4294967278,91
4294967278,89
18,1
4294967278,380
17,3
4294967278,379
4294967279,69
4294967294,612
4294967294,871
4294967294,868
4294967278,57
4294967294,843
40,26
40,24
40,22
40,20
40,18
40,16
40,14
40,4
39,304
39,242
39,195
39,149
4294967294,809
39,100
39,77
39,18
39,12
39,4
4294967278,46
36,6
36,5
36,4
4294967294,792
38,14
38,13
38,11
38,10
38,6
38,4
33,9
33,7
33,6
33,4
4294967279,369
4294967279,30
4294967278,378
4294967278,29
32,8
32,6
32,5
32,4
4294967294,774
4294967278,377
4294967278,24
4294967279,368
4294967279,24
31,4
4294967279,367
4294967279,18
30,82
30,79
30,71
30,64
30,31
30,19
30,6
30,4
4294967294,668
4294967279,366
4294967279,12
4294967294,611
4294967278,376
4294967278,130
4294967279,365
4294967279,130
4294967278,124
4294967278,119
4294967294,664
4294967278,113
4294967294,663
4294967278,107
4294967294,647
4294967294,571
4294967279,364
4294967279,102
4294967278,101
4294967278,90
4294967294,610
4294967279,90
4294967278,83
4294967294,112
4294967278,375
4294967278,86
4294967294,652
4294967279,83
20,3
19,3
4294967278,79
42,7
4294967294,609
4294967294,648
4294967294,608
4294967278,374
42,6
42,5
4294967294,607
4294967278,72
4294967294,645
4294967294,565
4294967294,558
4294967294,606
4294967294,642
4294967294,547
4294967279,363
4294967294,113
4294967278,70
4294967279,70
4294967294,186
4294967294,605
4294967278,68
46,6
46,3
46,2
46,1
4294967278,58
4294967279,56
45,5
4294967294,575
4294967294,574
45,4
45,3
45,2
45,1
4294967278,55
4294967279,53
4294967278,52
4294967294,455
44,4
44,3
44,2
44,1
4294967294,111
4294967278,47
4294967278,44
4294967294,573
43,5
43,4
43,3
43,2
43,1
4294967279,44
4294967278,41
4294967279,41
4294967279,39
4294967294,604
4294967294,561
42,4
42,3
42,2
42,1
4294967278,38
4294967278,373
4294967278,35
41,5
41,4
41,3
41,2
41,1
4294967278,372
4294967278,32
4294967278,26
40,7
11,28
11,27
11,25
11,24
